.Random.seed <-
c(10403L, 10L, -725586940L, 659255111L, 846128669L, -2069513068L, 
-1797018566L, 1999423109L, 1773680479L, 1520900070L, 240310896L, 
1794551187L, 396089905L, -559802144L, 1614098814L, -1608928247L, 
-2088078277L, 1704974858L, -1373314580L, 2078029423L, -1326237275L, 
-1373945508L, -493314766L, 1085867053L, -245400857L, -1851789298L, 
1689502184L, 2009695211L, 139025545L, -1357051880L, -606095546L, 
-1582733919L, -256115661L, 1496158626L, 1053688980L, 246035223L, 
12221709L, -728990684L, -1682535414L, 1731391861L, -934344497L, 
1383672790L, 1031676800L, 1882011587L, -1250287263L, 1290184656L, 
130330414L, 881513177L, -1613877013L, 525689178L, -1784149220L, 
2147384863L, -323008907L, -1948880116L, 1871621858L, 1508869053L, 
-444845001L, -1966106914L, 1677025816L, 2137320827L, -623205095L, 
-1338365528L, 1699978582L, 2052808145L, -251505277L, 1425148946L, 
217622436L, 307421031L, -1678074691L, 596556852L, -1769468006L, 
-2125050907L, -1128953985L, 446117638L, 1450967184L, -1396614861L, 
1220914897L, -103228288L, -440644258L, 842302121L, -1948332709L, 
982306666L, -1696020980L, 872009295L, 1560429317L, -1487088708L, 
1514006162L, -1453496947L, 1459566023L, -2060073298L, 1744465672L, 
726658315L, 966282217L, 1294593208L, -208770202L, 1106362369L, 
1508691603L, 284545346L, -168755468L, 1802406647L, -717915411L, 
1790604676L, -1043448918L, 692052245L, 808135599L, 267817910L, 
139028960L, 630147363L, 963501633L, 237605168L, -1516698802L, 
-885708359L, 1242944459L, -758036358L, 908835196L, -18093633L, 
1463846549L, 1007459500L, 938608258L, -1701589411L, 787116375L, 
-462185410L, 524923000L, 688405339L, 939804345L, 1597651720L, 
498995638L, 1589546737L, 711420195L, -754508942L, -763915836L, 
-1983411833L, -1229614243L, 1624137044L, 2052673402L, 1357037253L, 
-1274073057L, -1658087514L, 853395760L, 1320330195L, -856270351L, 
916487968L, -2090681922L, -32740919L, 493227387L, -405955766L, 
1529023404L, -1309740369L, 1593421925L, 316637212L, -217362830L, 
-661540627L, -1900412633L, 61803854L, 21167528L, 105564587L, 
892502729L, 1691869912L, 563662726L, 523059809L, -1143063565L, 
-1925345694L, 79485140L, -185867817L, 111371213L, 168765284L, 
1415549770L, 1057206965L, -26549745L, 1344971542L, -1832202816L, 
1598451075L, 1471456161L, 911481744L, -147208082L, -1075671527L, 
196751019L, -1163185510L, 908004956L, -747345057L, -2110847691L, 
-984050484L, -1938055646L, -976842627L, -1366193801L, -504224098L, 
-2024946344L, 1798079675L, -2030478759L, -26254872L, -1999801322L, 
159997841L, -1810554813L, 2098972498L, 1324903396L, 423907879L, 
-382465411L, -1416801420L, 2075733850L, 1556539813L, 1652655551L, 
374601286L, 592794832L, -514191629L, -955631599L, 1819819584L, 
-1931488738L, -414360343L, 580593179L, -1953540566L, -1527010996L, 
513872655L, 1494787653L, 1586200572L, 1924466258L, 2136947661L, 
-222202489L, -319754130L, -2055313336L, 1040624203L, -303544407L, 
-2098755848L, -728059354L, -1622414527L, -1880207149L, -270953342L, 
1013093044L, 1794860599L, -513372883L, -1375322588L, -1957118920L, 
2096138266L, 869694160L, -1600336836L, -1883093868L, 1627495554L, 
-706052160L, 884879676L, -787916144L, 18670626L, 556532744L, 
1023084684L, 1024898076L, -848875886L, -524139392L, -540995564L, 
-1229923032L, -126898630L, 128224464L, -1288141716L, -831675724L, 
-1342533614L, 710399968L, 397137868L, -1756578336L, 1564079650L, 
949739816L, -408872692L, 909411900L, -424972046L, -821910800L, 
422445892L, -2126949800L, 1430379066L, 1153269488L, -1728109380L, 
-159836652L, -378570558L, -1748567968L, 1328436604L, -1101818672L, 
-1457415134L, -1900289368L, 1899108236L, -300518980L, -1451166670L, 
-944343232L, -1302718284L, -42497208L, -1339401542L, 7558928L, 
1977557228L, -2055977900L, -836333806L, 1569364896L, 125235148L, 
-1626600608L, -141864766L, 13264424L, 635979180L, -633823428L, 
-1827940494L, -842028240L, 2017538596L, -1309779912L, -1151802150L, 
-535254640L, -1838856452L, 276631444L, -262943934L, -1860656640L, 
243456572L, 974274128L, 1014594210L, 111319880L, -1307590132L, 
-1017193252L, -941847982L, -1577899904L, -1159935148L, -783984152L, 
1103067898L, 657196880L, 1016052780L, 377062772L, 927700626L, 
1366977120L, 2106962572L, -987804832L, 1493013218L, -675413848L, 
-1465044788L, -94668292L, 649486258L, -1342667280L, -1773271612L, 
-1081692328L, -856974470L, -650865232L, -1319601732L, -67938220L, 
440167362L, -173079776L, 1319993276L, -861705648L, 1159421410L, 
-1541893784L, -970343092L, 504223996L, 2105946866L, 785237760L, 
238839412L, 664426504L, 270559674L, -419969072L, 253524460L, 
1903812500L, 1280692946L, 1328782944L, 947959116L, -1502591712L, 
964432514L, -605029912L, 115288044L, -717019588L, 317251186L, 
1153057648L, -1087657692L, 710136376L, -1538690662L, -1760929328L, 
1764351420L, -759850860L, -391086974L, 210924992L, 993125180L, 
-1913236336L, -1163750622L, -189862392L, -688325364L, 29152668L, 
1005166098L, 1788800L, 405439252L, 1538101544L, 1580567610L, 
-181724208L, -1707429268L, 1131113012L, -1690453358L, -2025243296L, 
1413085516L, -387708960L, 912778658L, -724537944L, 1186571916L, 
-1224380996L, -437596558L, 1112808432L, 994154052L, 75917400L, 
99293242L, -1739958160L, 83339324L, -1153853164L, -260009278L, 
-1017008416L, -188098436L, -402641200L, 1553402274L, -1972838360L, 
-1994003700L, 1801220540L, 121336626L, 290601664L, 2087322676L, 
1372866248L, -781966150L, 2034042512L, -372027668L, 391744084L, 
-913743214L, 103682336L, -1522787892L, -875490592L, -2077210430L, 
1693914152L, -1295874132L, -782142788L, -1832686606L, -1020203472L, 
1324767140L, -1057382984L, -1590057126L, 593510544L, 449844092L, 
-1867038444L, 1378167106L, -218162944L, 910265788L, 1920608592L, 
-1901782750L, -229596600L, -818051060L, 178447964L, 7215570L, 
552447488L, -1455567532L, -1197277976L, 909195514L, -945742128L, 
1087109932L, -967186188L, -1195490926L, 1684964704L, -2031623156L, 
-1655251744L, -327740830L, 575747240L, -247307188L, 1639075708L, 
-1055790798L, 1338532464L, 999920452L, -1761973288L, -2046887046L, 
897491024L, -1618532114L, -2087242341L, 1143766013L, 1073432298L, 
-1999687288L, -237232335L, -1289138269L, -1986836572L, -225332654L, 
-1240307289L, 140197361L, -644372170L, 1065296340L, 1956611941L, 
-1972242577L, 53516712L, -548380922L, 284527155L, 1063393429L, 
182520050L, -306990784L, 624918185L, 234088219L, -1957588756L, 
-983257862L, -1606466257L, 1638310201L, 754418510L, 1578834332L, 
125711117L, -1925810825L, -1963998848L, -787605538L, -602337109L, 
1682641837L, 397924378L, -1750991144L, 2000097089L, -1427296269L, 
-611847660L, -1850188894L, 417776823L, -1423397247L, -171854202L, 
-1109594428L, 844795893L, -2055006625L, 815722680L, -2037459562L, 
641914787L, 814242661L, -1446479230L, -513853456L, 140562841L, 
522796939L, -822740356L, -475682646L, 2054195935L, 1322301545L, 
-68242818L, -1121940884L, 1454196413L, -1109296249L, -410718352L, 
-9300466L, 319359803L, -1916970979L, 668885194L, 1360935912L, 
869017809L, -1666337597L, -714847292L, 731197554L, -1770929849L, 
1685581073L, 424425622L, -536125964L, 989548421L, -167145777L, 
934038472L, -5191066L, -33254253L, 520395765L, -1063658030L, 
1293168160L, -577089527L, 387171643L, -1955002228L, -1139358438L, 
-156734577L, -879061799L, 1222646638L, -75818244L, -1857509267L, 
-869604329L, 253662688L, -558104130L, 1344706443L, -1088415731L, 
1060491322L, -865402760L, -628093919L, -1970934061L, -1496502796L, 
-1951019390L, -465482985L, -690935327L, 2102507302L, 377217572L, 
-435383083L, 444744831L, -1477678824L, 2023454774L, -1947259197L, 
-5471483L, -478337374L, 669607056L, -1288334279L, 66178283L, 
-909103652L, -1769761782L, -965541121L, -334914743L, -956845858L, 
-34099572L, -942536099L, 2094123111L, 157717904L, 91076014L, 
1519407195L, -1891362755L, -1043218774L, -556676280L, 1775083377L, 
1389045987L, -1772875804L, -1464809710L, 1630116583L, -1739391823L, 
1786195702L, 1361320212L, -1146642907L, 1164227375L, -555207448L, 
1709544902L, -874040205L, -793501995L, 2075083954L, 468437120L, 
